CRAFT EXAMPLE PROBLEM
08 10 18 00 01 02 02
0107
00000045001500250010000500000000
00000000000000300025001500000000
00000000000000000005001000000000
00000020000000000035000000000000
00000000000000000000006500350000
00000005000000000025000000650000
00000000000000000000000000000000
00000000000000000000000000000000
10001000100010001000100010001000
10001000100010001000100010001000
10001000100010001000100010001000
10001000100010001000100010001000
10001000100010001000100010001000
10001000100010001000100010001000
10001000100010001000100010001000
10001000100010001000100010001000
010101010101010101010707070707070707
010101010101010101010707070707070707
010101010101010101010707070707070707
020202020203030303030505070707070707
020202020203030303030505050505050505 
020202020203030303030505050505050505
020202020204040404060606060606060505
040404040404040404060606060606060606 
040404040404040404060606060606060606
040404040404040408080808080606060606
END